0.000 ;-0.00189;
0.010 ;-0.00182;
0.020 ;-0.00175;
0.030 ;-0.00168;
0.040 ;-0.00162;
0.050 ;-0.00155;
0.060 ;-0.00148;
0.070 ;-0.00141;
0.080 ;-0.00134;
0.090 ;-0.00127;
0.100 ;-0.00119;
0.110 ;-0.00112;
0.120 ;-0.00105;
0.130 ;-0.00097;
0.140 ;-0.00090;
0.150 ;-0.00083;
0.160 ;-0.00076;
0.170 ;-0.00069;
0.180 ;-0.00062;
0.190 ;-0.00055;
0.200 ;-0.00047;
0.210 ;-0.00040;
0.220 ;-0.00032;
0.230 ;-0.00025;
0.240 ;-0.00017;
0.250 ;-0.00010;
0.260 ;-0.00003;
0.270 ;0.00004;
0.280 ;0.00011;
0.290 ;0.00019;
0.300 ;0.00026;
0.310 ;0.00033;
0.320 ;0.00041;
0.330 ;0.00048;
0.340 ;0.00055;
0.350 ;0.00063;
0.360 ;0.00070;
0.370 ;0.00077;
0.380 ;0.00084;
0.390 ;0.00091;
0.400 ;0.00098;
0.410 ;0.00105;
0.420 ;0.00112;
0.430 ;0.00119;
0.440 ;0.00126;
0.450 ;0.00133;
0.460 ;0.00140;
0.470 ;0.00147;
0.480 ;0.00154;
0.490 ;0.00161;
0.500 ;0.00168;
0.510 ;0.00175;
0.520 ;0.00182;
0.530 ;0.00188;
0.540 ;0.00195;
0.550 ;0.00202;
0.560 ;0.00209;
0.570 ;0.00215;
0.580 ;0.00222;
0.590 ;0.00228;
0.600 ;0.00235;
0.610 ;0.00241;
0.620 ;0.00247;
0.630 ;0.00254;
0.640 ;0.00260;
0.650 ;0.00266;
0.660 ;0.00272;
0.670 ;0.00278;
0.680 ;0.00284;
0.690 ;0.00290;
0.700 ;0.00296;
0.710 ;0.00301;
0.720 ;0.00307;
0.730 ;0.00313;
0.740 ;0.00318;
0.750 ;0.00324;
0.760 ;0.00329;
0.770 ;0.00334;
0.780 ;0.00340;
0.790 ;0.00345;
0.800 ;0.00350;
0.810 ;0.00355;
0.820 ;0.00360;
0.830 ;0.00365;
0.840 ;0.00370;
0.850 ;0.00375;
0.860 ;0.00380;
0.870 ;0.00384;
0.880 ;0.00389;
0.890 ;0.00393;
0.900 ;0.00398;
0.910 ;0.00402;
0.920 ;0.00406;
0.930 ;0.00410;
0.940 ;0.00414;
0.950 ;0.00418;
0.960 ;0.00422;
0.970 ;0.00426;
0.980 ;0.00429;
0.990 ;0.00433;
1.000 ;0.00436;
1.010 ;0.00440;
1.020 ;0.00443;
1.030 ;0.00446;
1.040 ;0.00449;
1.050 ;0.00452;
1.060 ;0.00455;
1.070 ;0.00458;
1.080 ;0.00460;
1.090 ;0.00463;
1.100 ;0.00465;
1.110 ;0.00468;
1.120 ;0.00470;
1.130 ;0.00472;
1.140 ;0.00475;
1.150 ;0.00477;
1.160 ;0.00479;
1.170 ;0.00480;
1.180 ;0.00482;
1.190 ;0.00484;
1.200 ;0.00485;
1.210 ;0.00487;
1.220 ;0.00488;
1.230 ;0.00489;
1.240 ;0.00490;
1.250 ;0.00491;
1.260 ;0.00492;
1.270 ;0.00493;
1.280 ;0.00494;
1.290 ;0.00494;
1.300 ;0.00495;
1.310 ;0.00495;
1.320 ;0.00496;
1.330 ;0.00496;
1.340 ;0.00496;
1.350 ;0.00496;
1.360 ;0.00496;
1.370 ;0.00496;
1.380 ;0.00496;
1.390 ;0.00496;
1.400 ;0.00495;
1.410 ;0.00495;
1.420 ;0.00495;
1.430 ;0.00494;
1.440 ;0.00494;
1.450 ;0.00493;
1.460 ;0.00493;
1.470 ;0.00492;
1.480 ;0.00491;
1.490 ;0.00490;
1.500 ;0.00489;
1.510 ;0.00488;
1.520 ;0.00486;
1.530 ;0.00485;
1.540 ;0.00483;
1.550 ;0.00482;
1.560 ;0.00480;
1.570 ;0.00478;
1.580 ;0.00476;
1.590 ;0.00474;
1.600 ;0.00472;
1.610 ;0.00470;
1.620 ;0.00467;
1.630 ;0.00465;
1.640 ;0.00463;
1.650 ;0.00460;
1.660 ;0.00457;
1.670 ;0.00454;
1.680 ;0.00450;
1.690 ;0.00446;
1.700 ;0.00442;
1.710 ;0.00438;
1.720 ;0.00434;
1.730 ;0.00429;
1.740 ;0.00425;
1.750 ;0.00421;
1.760 ;0.00417;
1.770 ;0.00413;
1.780 ;0.00409;
1.790 ;0.00404;
1.800 ;0.00400;
1.810 ;0.00395;
1.820 ;0.00390;
1.830 ;0.00384;
1.840 ;0.00379;
1.850 ;0.00374;
1.860 ;0.00368;
1.870 ;0.00363;
1.880 ;0.00358;
1.890 ;0.00353;
1.900 ;0.00348;
1.910 ;0.00343;
1.920 ;0.00337;
1.930 ;0.00332;
1.940 ;0.00326;
1.950 ;0.00320;
1.960 ;0.00314;
1.970 ;0.00308;
1.980 ;0.00302;
1.990 ;0.00296;
2.000 ;0.00290;
2.010 ;0.00284;
2.020 ;0.00278;
2.030 ;0.00272;
2.040 ;0.00266;
2.050 ;0.00259;
2.060 ;0.00252;
2.070 ;0.00245;
2.080 ;0.00238;
2.090 ;0.00232;
2.100 ;0.00225;
2.110 ;0.00218;
2.120 ;0.00212;
2.130 ;0.00205;
2.140 ;0.00198;
2.150 ;0.00192;
2.160 ;0.00184;
2.170 ;0.00177;
2.180 ;0.00170;
2.190 ;0.00162;
2.200 ;0.00155;
2.210 ;0.00148;
2.220 ;0.00142;
2.230 ;0.00135;
2.240 ;0.00128;
2.250 ;0.00121;
2.260 ;0.00114;
2.270 ;0.00107;
2.280 ;0.00099;
2.290 ;0.00092;
2.300 ;0.00084;
2.310 ;0.00077;
2.320 ;0.00069;
2.330 ;0.00062;
2.340 ;0.00055;
2.350 ;0.00048;
2.360 ;0.00041;
2.370 ;0.00033;
2.380 ;0.00026;
2.390 ;0.00018;
2.400 ;0.00010;
2.410 ;0.00003;
2.420 ;-0.00004;
2.430 ;-0.00011;
2.440 ;-0.00019;
2.450 ;-0.00026;
2.460 ;-0.00033;
2.470 ;-0.00040;
2.480 ;-0.00048;
2.490 ;-0.00056;
2.500 ;-0.00063;
2.510 ;-0.00071;
2.520 ;-0.00078;
2.530 ;-0.00085;
2.540 ;-0.00092;
2.550 ;-0.00099;
2.560 ;-0.00105;
2.570 ;-0.00113;
2.580 ;-0.00120;
2.590 ;-0.00127;
2.600 ;-0.00135;
2.610 ;-0.00142;
2.620 ;-0.00149;
2.630 ;-0.00156;
2.640 ;-0.00162;
2.650 ;-0.00169;
2.660 ;-0.00175;
2.670 ;-0.00182;
2.680 ;-0.00189;
2.690 ;-0.00196;
2.700 ;-0.00203;
2.710 ;-0.00210;
2.720 ;-0.00217;
2.730 ;-0.00223;
2.740 ;-0.00229;
2.750 ;-0.00236;
2.760 ;-0.00242;
2.770 ;-0.00248;
2.780 ;-0.00255;
2.790 ;-0.00261;
2.800 ;-0.00267;
2.810 ;-0.00274;
2.820 ;-0.00280;
2.830 ;-0.00286;
2.840 ;-0.00292;
2.850 ;-0.00297;
2.860 ;-0.00303;
2.870 ;-0.00308;
2.880 ;-0.00314;
2.890 ;-0.00320;
2.900 ;-0.00326;
2.910 ;-0.00332;
2.920 ;-0.00337;
2.930 ;-0.00342;
2.940 ;-0.00347;
2.950 ;-0.00352;
2.960 ;-0.00357;
2.970 ;-0.00362;
2.980 ;-0.00367;
2.990 ;-0.00372;
3.000 ;-0.00377;
3.010 ;-0.00382;
3.020 ;-0.00387;
3.030 ;-0.00391;
3.040 ;-0.00395;
3.050 ;-0.00400;
3.060 ;-0.00404;
3.070 ;-0.00408;
3.080 ;-0.00412;
3.090 ;-0.00416;
3.100 ;-0.00420;
3.110 ;-0.00424;
3.120 ;-0.00428;
3.130 ;-0.00432;
3.140 ;-0.00435;
3.150 ;-0.00439;
3.160 ;-0.00442;
3.170 ;-0.00445;
3.180 ;-0.00448;
3.190 ;-0.00451;
3.200 ;-0.00455;
3.210 ;-0.00458;
3.220 ;-0.00461;
3.230 ;-0.00464;
3.240 ;-0.00466;
3.250 ;-0.00468;
3.260 ;-0.00470;
3.270 ;-0.00473;
3.280 ;-0.00475;
3.290 ;-0.00477;
3.300 ;-0.00479;
3.310 ;-0.00481;
3.320 ;-0.00483;
3.330 ;-0.00485;
3.340 ;-0.00486;
3.350 ;-0.00488;
3.360 ;-0.00489;
3.370 ;-0.00490;
3.380 ;-0.00491;
3.390 ;-0.00492;
3.400 ;-0.00493;
3.410 ;-0.00495;
3.420 ;-0.00495;
3.430 ;-0.00496;
3.440 ;-0.00497;
3.450 ;-0.00497;
3.460 ;-0.00497;
3.470 ;-0.00498;
3.480 ;-0.00498;
3.490 ;-0.00498;
3.500 ;-0.00499;
3.510 ;-0.00499;
3.520 ;-0.00499;
3.530 ;-0.00500;
3.540 ;-0.00500;
3.550 ;-0.00500;
3.560 ;-0.00500;
3.570 ;-0.00500;
3.580 ;-0.00500;
3.590 ;-0.00500;
3.600 ;-0.00500;
3.610 ;-0.00500;
3.620 ;-0.00500;
3.630 ;-0.00500;
3.640 ;-0.00500;
3.650 ;-0.00500;
3.660 ;-0.00500;
3.670 ;-0.00500;
3.680 ;-0.00499;
3.690 ;-0.00499;
3.700 ;-0.00499;
3.710 ;-0.00499;
3.720 ;-0.00499;
3.730 ;-0.00499;
3.740 ;-0.00498;
3.750 ;-0.00498;
3.760 ;-0.00497;
3.770 ;-0.00497;
3.780 ;-0.00496;
3.790 ;-0.00495;
3.800 ;-0.00495;
3.810 ;-0.00494;
3.820 ;-0.00493;
3.830 ;-0.00492;
3.840 ;-0.00490;
3.850 ;-0.00489;
3.860 ;-0.00488;
3.870 ;-0.00486;
3.880 ;-0.00485;
3.890 ;-0.00483;
3.900 ;-0.00481;
3.910 ;-0.00479;
3.920 ;-0.00477;
3.930 ;-0.00475;
3.940 ;-0.00473;
3.950 ;-0.00470;
3.960 ;-0.00467;
3.970 ;-0.00464;
3.980 ;-0.00461;
3.990 ;-0.00458;
4.000 ;-0.00455;
4.010 ;-0.00452;
4.020 ;-0.00449;
4.030 ;-0.00446;
4.040 ;-0.00442;
4.050 ;-0.00438;
4.060 ;-0.00434;
4.070 ;-0.00430;
4.080 ;-0.00426;
4.090 ;-0.00422;
4.100 ;-0.00418;
4.110 ;-0.00414;
4.120 ;-0.00410;
4.130 ;-0.00406;
4.140 ;-0.00401;
4.150 ;-0.00396;
4.160 ;-0.00392;
4.170 ;-0.00387;
4.180 ;-0.00382;
4.190 ;-0.00377;
4.200 ;-0.00372;
4.210 ;-0.00367;
4.220 ;-0.00363;
4.230 ;-0.00358;
4.240 ;-0.00352;
4.250 ;-0.00347;
4.260 ;-0.00341;
4.270 ;-0.00335;
4.280 ;-0.00329;
4.290 ;-0.00323;
4.300 ;-0.00317;
4.310 ;-0.00312;
4.320 ;-0.00306;
4.330 ;-0.00300;
4.340 ;-0.00294;
4.350 ;-0.00288;
4.360 ;-0.00282;
4.370 ;-0.00276;
4.380 ;-0.00269;
4.390 ;-0.00262;
4.400 ;-0.00256;
4.410 ;-0.00249;
4.420 ;-0.00243;
4.430 ;-0.00237;
4.440 ;-0.00230;
4.450 ;-0.00224;
4.460 ;-0.00217;
4.470 ;-0.00210;
4.480 ;-0.00203;
4.490 ;-0.00196;
4.500 ;-0.00189;
4.510 ;-0.00182;
4.520 ;-0.00176;
4.530 ;-0.00169;
4.540 ;-0.00162;
4.550 ;-0.00155;
4.560 ;-0.00149;
4.570 ;-0.00142;
4.580 ;-0.00135;
4.590 ;-0.00127;
4.600 ;-0.00120;
4.610 ;-0.00113;
4.620 ;-0.00105;
4.630 ;-0.00098;
4.640 ;-0.00091;
4.650 ;-0.00084;
4.660 ;-0.00077;
4.670 ;-0.00070;
4.680 ;-0.00062;
4.690 ;-0.00055;
4.700 ;-0.00048;
4.710 ;-0.00040;
4.720 ;-0.00033;
4.730 ;-0.00025;
4.740 ;-0.00018;
4.750 ;-0.00011;
4.760 ;-0.00003;
4.770 ;0.00004;
4.780 ;0.00011;
4.790 ;0.00018;
4.800 ;0.00026;
4.810 ;0.00033;
4.820 ;0.00040;
4.830 ;0.00047;
4.840 ;0.00055;
4.850 ;0.00062;
4.860 ;0.00069;
4.870 ;0.00077;
4.880 ;0.00084;
4.890 ;0.00091;
4.900 ;0.00098;
4.910 ;0.00105;
4.920 ;0.00112;
4.930 ;0.00119;
4.940 ;0.00126;
4.950 ;0.00133;
4.960 ;0.00140;
4.970 ;0.00147;
4.980 ;0.00154;
4.990 ;0.00161;
5.000 ;0.00168;
5.010 ;0.00174;
5.020 ;0.00181;
5.030 ;0.00188;
5.040 ;0.00195;
5.050 ;0.00201;
5.060 ;0.00208;
5.070 ;0.00215;
5.080 ;0.00221;
5.090 ;0.00228;
5.100 ;0.00234;
5.110 ;0.00241;
5.120 ;0.00247;
5.130 ;0.00253;
5.140 ;0.00259;
5.150 ;0.00265;
5.160 ;0.00271;
5.170 ;0.00277;
5.180 ;0.00283;
5.190 ;0.00289;
5.200 ;0.00295;
5.210 ;0.00301;
5.220 ;0.00307;
5.230 ;0.00312;
5.240 ;0.00318;
5.250 ;0.00324;
5.260 ;0.00329;
5.270 ;0.00334;
5.280 ;0.00339;
5.290 ;0.00344;
5.300 ;0.00349;
5.310 ;0.00355;
5.320 ;0.00360;
5.330 ;0.00365;
5.340 ;0.00370;
5.350 ;0.00375;
5.360 ;0.00379;
5.370 ;0.00384;
5.380 ;0.00389;
5.390 ;0.00393;
5.400 ;0.00397;
5.410 ;0.00401;
5.420 ;0.00406;
5.430 ;0.00410;
5.440 ;0.00414;
5.450 ;0.00418;
5.460 ;0.00422;
5.470 ;0.00426;
5.480 ;0.00429;
5.490 ;0.00433;
5.500 ;0.00436;
5.510 ;0.00440;
5.520 ;0.00443;
5.530 ;0.00446;
5.540 ;0.00449;
5.550 ;0.00452;
5.560 ;0.00454;
5.570 ;0.00457;
5.580 ;0.00460;
5.590 ;0.00463;
5.600 ;0.00465;
5.610 ;0.00468;
5.620 ;0.00470;
5.630 ;0.00472;
5.640 ;0.00475;
5.650 ;0.00476;
5.660 ;0.00478;
5.670 ;0.00480;
5.680 ;0.00482;
5.690 ;0.00483;
5.700 ;0.00485;
5.710 ;0.00486;
5.720 ;0.00488;
5.730 ;0.00489;
5.740 ;0.00490;
5.750 ;0.00492;
5.760 ;0.00493;
5.770 ;0.00493;
5.780 ;0.00494;
5.790 ;0.00495;
5.800 ;0.00495;
5.810 ;0.00495;
5.820 ;0.00495;
5.830 ;0.00496;
5.840 ;0.00496;
5.850 ;0.00496;
5.860 ;0.00496;
5.870 ;0.00496;
5.880 ;0.00496;
5.890 ;0.00496;
5.900 ;0.00495;
5.910 ;0.00495;
5.920 ;0.00495;
5.930 ;0.00494;
5.940 ;0.00494;
5.950 ;0.00493;
5.960 ;0.00493;
5.970 ;0.00492;
5.980 ;0.00491;
5.990 ;0.00490;
6.000 ;0.00489;
6.010 ;0.00488;
6.020 ;0.00486;
6.030 ;0.00485;
6.040 ;0.00484;
6.050 ;0.00482;
6.060 ;0.00480;
6.070 ;0.00478;
6.080 ;0.00476;
6.090 ;0.00474;
6.100 ;0.00472;
6.110 ;0.00470;
6.120 ;0.00468;
6.130 ;0.00465;
6.140 ;0.00463;
6.150 ;0.00460;
6.160 ;0.00457;
6.170 ;0.00454;
6.180 ;0.00450;
6.190 ;0.00447;
6.200 ;0.00443;
6.210 ;0.00438;
6.220 ;0.00434;
6.230 ;0.00430;
6.240 ;0.00426;
6.250 ;0.00421;
6.260 ;0.00417;
6.270 ;0.00413;
6.280 ;0.00409;
6.290 ;0.00404;
6.300 ;0.00400;
6.310 ;0.00395;
6.320 ;0.00390;
6.330 ;0.00385;
6.340 ;0.00379;
6.350 ;0.00374;
6.360 ;0.00369;
6.370 ;0.00364;
6.380 ;0.00359;
6.390 ;0.00354;
6.400 ;0.00348;
6.410 ;0.00343;
6.420 ;0.00338;
6.430 ;0.00332;
6.440 ;0.00326;
6.450 ;0.00320;
6.460 ;0.00314;
6.470 ;0.00308;
6.480 ;0.00302;
6.490 ;0.00296;
6.500 ;0.00290;
6.510 ;0.00285;
6.520 ;0.00279;
6.530 ;0.00272;
6.540 ;0.00266;
6.550 ;0.00260;
6.560 ;0.00253;
6.570 ;0.00246;
6.580 ;0.00239;
6.590 ;0.00232;
6.600 ;0.00226;
6.610 ;0.00219;
6.620 ;0.00212;
6.630 ;0.00205;
6.640 ;0.00199;
6.650 ;0.00192;
6.660 ;0.00185;
6.670 ;0.00178;
6.680 ;0.00170;
6.690 ;0.00163;
6.700 ;0.00156;
6.710 ;0.00149;
6.720 ;0.00142;
6.730 ;0.00135;
6.740 ;0.00128;
6.750 ;0.00121;
6.760 ;0.00114;
6.770 ;0.00107;
6.780 ;0.00100;
6.790 ;0.00092;
6.800 ;0.00085;
6.810 ;0.00078;
6.820 ;0.00070;
6.830 ;0.00063;
6.840 ;0.00056;
6.850 ;0.00048;
6.860 ;0.00041;
6.870 ;0.00034;
6.880 ;0.00026;
6.890 ;0.00019;
6.900 ;0.00011;
6.910 ;0.00004;
6.920 ;-0.00004;
6.930 ;-0.00011;
6.940 ;-0.00018;
6.950 ;-0.00026;
6.960 ;-0.00033;
6.970 ;-0.00040;
6.980 ;-0.00048;
6.990 ;-0.00055;
7.000 ;-0.00063;
7.010 ;-0.00070;
7.020 ;-0.00077;
7.030 ;-0.00084;
7.040 ;-0.00091;
7.050 ;-0.00098;
7.060 ;-0.00105;
7.070 ;-0.00112;
7.080 ;-0.00120;
7.090 ;-0.00127;
7.100 ;-0.00134;
7.110 ;-0.00141;
7.120 ;-0.00148;
7.130 ;-0.00155;
7.140 ;-0.00161;
7.150 ;-0.00168;
7.160 ;-0.00175;
7.170 ;-0.00182;
7.180 ;-0.00189;
7.190 ;-0.00196;
7.200 ;-0.00202;
7.210 ;-0.00209;
7.220 ;-0.00216;
7.230 ;-0.00222;
7.240 ;-0.00229;
7.250 ;-0.00235;
7.260 ;-0.00241;
7.270 ;-0.00248;
7.280 ;-0.00254;
7.290 ;-0.00261;
7.300 ;-0.00267;
7.310 ;-0.00273;
7.320 ;-0.00279;
7.330 ;-0.00285;
7.340 ;-0.00291;
7.350 ;-0.00297;
7.360 ;-0.00302;
7.370 ;-0.00308;
7.380 ;-0.00314;
7.390 ;-0.00320;
7.400 ;-0.00325;
7.410 ;-0.00331;
7.420 ;-0.00336;
7.430 ;-0.00342;
7.440 ;-0.00347;
7.450 ;-0.00352;
7.460 ;-0.00357;
7.470 ;-0.00362;
7.480 ;-0.00367;
7.490 ;-0.00371;
7.500 ;-0.00376;
7.510 ;-0.00381;
7.520 ;-0.00386;
7.530 ;-0.00390;
7.540 ;-0.00395;
7.550 ;-0.00399;
7.560 ;-0.00403;
7.570 ;-0.00408;
7.580 ;-0.00412;
7.590 ;-0.00416;
7.600 ;-0.00420;
7.610 ;-0.00424;
7.620 ;-0.00428;
7.630 ;-0.00431;
7.640 ;-0.00435;
7.650 ;-0.00438;
7.660 ;-0.00442;
7.670 ;-0.00445;
7.680 ;-0.00448;
7.690 ;-0.00451;
7.700 ;-0.00454;
7.710 ;-0.00457;
7.720 ;-0.00460;
7.730 ;-0.00463;
7.740 ;-0.00466;
7.750 ;-0.00468;
7.760 ;-0.00470;
7.770 ;-0.00473;
7.780 ;-0.00475;
7.790 ;-0.00477;
7.800 ;-0.00479;
7.810 ;-0.00481;
7.820 ;-0.00483;
7.830 ;-0.00484;
7.840 ;-0.00486;
7.850 ;-0.00487;
7.860 ;-0.00489;
7.870 ;-0.00490;
7.880 ;-0.00491;
7.890 ;-0.00492;
7.900 ;-0.00493;
7.910 ;-0.00494;
7.920 ;-0.00495;
7.930 ;-0.00496;
7.940 ;-0.00497;
7.950 ;-0.00497;
7.960 ;-0.00497;
7.970 ;-0.00498;
7.980 ;-0.00498;
7.990 ;-0.00499;
8.000 ;-0.00499;
8.010 ;-0.00499;
8.020 ;-0.00499;
8.030 ;-0.00499;
8.040 ;-0.00499;
8.050 ;-0.00499;
8.060 ;-0.00499;
8.070 ;-0.00499;
8.080 ;-0.00499;
8.090 ;-0.00500;
8.100 ;-0.00500;
8.110 ;-0.00500;
8.120 ;-0.00500;
8.130 ;-0.00500;
8.140 ;-0.00500;
8.150 ;-0.00500;
8.160 ;-0.00500;
8.170 ;-0.00499;
8.180 ;-0.00499;
8.190 ;-0.00499;
8.200 ;-0.00499;
8.210 ;-0.00499;
8.220 ;-0.00499;
8.230 ;-0.00499;
8.240 ;-0.00498;
8.250 ;-0.00498;
8.260 ;-0.00497;
8.270 ;-0.00497;
8.280 ;-0.00496;
8.290 ;-0.00495;
8.300 ;-0.00495;
8.310 ;-0.00494;
8.320 ;-0.00493;
8.330 ;-0.00492;
8.340 ;-0.00491;
8.350 ;-0.00489;
8.360 ;-0.00488;
8.370 ;-0.00486;
8.380 ;-0.00485;
8.390 ;-0.00483;
8.400 ;-0.00481;
8.410 ;-0.00479;
8.420 ;-0.00477;
8.430 ;-0.00475;
8.440 ;-0.00473;
8.450 ;-0.00470;
8.460 ;-0.00467;
8.470 ;-0.00465;
8.480 ;-0.00462;
8.490 ;-0.00459;
8.500 ;-0.00456;
8.510 ;-0.00453;
8.520 ;-0.00449;
8.530 ;-0.00446;
8.540 ;-0.00442;
8.550 ;-0.00439;
8.560 ;-0.00435;
8.570 ;-0.00431;
8.580 ;-0.00427;
8.590 ;-0.00422;
8.600 ;-0.00418;
8.610 ;-0.00414;
8.620 ;-0.00410;
8.630 ;-0.00406;
8.640 ;-0.00402;
8.650 ;-0.00397;
8.660 ;-0.00392;
8.670 ;-0.00387;
8.680 ;-0.00382;
8.690 ;-0.00377;
8.700 ;-0.00372;
8.710 ;-0.00368;
8.720 ;-0.00363;
8.730 ;-0.00358;
8.740 ;-0.00353;
8.750 ;-0.00348;
8.760 ;-0.00342;
8.770 ;-0.00336;
8.780 ;-0.00330;
8.790 ;-0.00324;
8.800 ;-0.00318;
8.810 ;-0.00312;
8.820 ;-0.00306;
8.830 ;-0.00300;
8.840 ;-0.00295;
8.850 ;-0.00289;
8.860 ;-0.00283;
8.870 ;-0.00276;
8.880 ;-0.00270;
8.890 ;-0.00263;
8.900 ;-0.00256;
8.910 ;-0.00250;
8.920 ;-0.00243;
8.930 ;-0.00237;
8.940 ;-0.00231;
8.950 ;-0.00224;
8.960 ;-0.00218;
8.970 ;-0.00211;
8.980 ;-0.00204;
8.990 ;-0.00197;
9.000 ;-0.00190;
9.010 ;-0.00183;
9.020 ;-0.00176;
9.030 ;-0.00169;
9.040 ;-0.00162;
9.050 ;-0.00156;
9.060 ;-0.00149;
9.070 ;-0.00142;
9.080 ;-0.00135;
9.090 ;-0.00128;
9.100 ;-0.00121;
9.110 ;-0.00113;
9.120 ;-0.00106;
9.130 ;-0.00098;
9.140 ;-0.00091;
9.150 ;-0.00084;
9.160 ;-0.00077;
9.170 ;-0.00070;
9.180 ;-0.00063;
9.190 ;-0.00056;
9.200 ;-0.00049;
9.210 ;-0.00041;
9.220 ;-0.00034;
9.230 ;-0.00026;
9.240 ;-0.00018;
9.250 ;-0.00011;
9.260 ;-0.00004;
9.270 ;0.00003;
9.280 ;0.00011;
9.290 ;0.00018;
9.300 ;0.00025;
9.310 ;0.00032;
9.320 ;0.00039;
9.330 ;0.00047;
9.340 ;0.00054;
9.350 ;0.00062;
9.360 ;0.00069;
9.370 ;0.00076;
9.380 ;0.00083;
9.390 ;0.00090;
9.400 ;0.00097;
9.410 ;0.00104;
9.420 ;0.00111;
9.430 ;0.00118;
9.440 ;0.00125;
9.450 ;0.00132;
9.460 ;0.00139;
9.470 ;0.00146;
9.480 ;0.00153;
9.490 ;0.00160;
9.500 ;0.00167;
9.510 ;0.00174;
9.520 ;0.00181;
9.530 ;0.00187;
9.540 ;0.00194;
9.550 ;0.00200;
9.560 ;0.00207;
9.570 ;0.00214;
9.580 ;0.00221;
9.590 ;0.00227;
9.600 ;0.00234;
9.610 ;0.00240;
9.620 ;0.00247;
9.630 ;0.00253;
9.640 ;0.00259;
9.650 ;0.00265;
9.660 ;0.00271;
9.670 ;0.00277;
9.680 ;0.00283;
9.690 ;0.00289;
9.700 ;0.00295;
9.710 ;0.00301;
9.720 ;0.00306;
9.730 ;0.00312;
9.740 ;0.00318;
9.750 ;0.00323;
9.760 ;0.00328;
9.770 ;0.00334;
9.780 ;0.00339;
9.790 ;0.00344;
9.800 ;0.00349;
9.810 ;0.00354;
9.820 ;0.00359;
9.830 ;0.00364;
9.840 ;0.00369;
9.850 ;0.00374;
9.860 ;0.00379;
9.870 ;0.00384;
9.880 ;0.00388;
9.890 ;0.00393;
9.900 ;0.00397;
9.910 ;0.00401;
9.920 ;0.00405;
9.930 ;0.00409;
9.940 ;0.00413;
9.950 ;0.00418;
9.960 ;0.00422;
9.970 ;0.00425;
9.980 ;0.00429;
9.990 ;0.00433;
10.000 ;0.00436;
